items	merge	insertion	hybrid
2	0.23461700230836868	0.13293000310659409	0.22202299907803535
12	0.08436200022697449	0.022880997508764267	0.03432399779558182
22	0.08357599750161171	0.03007800132036209	0.030213002115488052
32	0.11784699931740761	0.04977099969983101	0.08373900130391121
42	0.16129299998283386	0.07296499982476234	0.07308699935674667
52	0.19674700126051903	0.09772200137376785	0.14353600144386292
62	2.0221350006759167	0.12841300293803215	0.1308079995214939
72	0.26231199875473976	0.22548600286245346	0.21653399989008904
82	0.3053629994392395	0.2972069978713989	1.630681000649929
92	0.6178629994392395	0.6170549988746643	0.6043010018765926
102	0.3927609995007515	0.01838799938559532	0.016506999731063843
112	0.4296630024909973	0.01771799847483635	0.017177999019622803
122	0.47269799932837486	0.022144999355077744	0.0214649997651577
132	0.5207090005278587	0.026078000664711	0.023994002491235733
142	1.7771340012550354	0.028513997793197632	0.030079998075962067
152	0.656860001385212	0.029128998517990112	0.02809400111436844
162	0.4454309977591038	0.03433699905872345	0.03459000214934349
172	0.30142899975180626	0.034894999116659164	0.034314997494220734
182	0.3206299990415573	0.041791997849941254	0.04116499796509743
192	0.3426919989287853	0.04606100171804428	0.04489300027489662
202	0.5507850013673306	0.07793500274419785	0.04962199926376343
212	0.4903319999575615	0.062060996890068054	0.05520400032401085
222	0.936209000647068	0.0919089987874031	0.05755599960684776
232	0.5064419992268085	0.06256899982690811	0.061694998294115067
242	0.8998209983110428	0.06976700201630592	0.0720129981637001
252	0.4689970016479492	0.07649900019168854	0.07585299760103226
262	0.47726599872112274	0.07415100187063217	0.07255899906158447
272	0.8862720020115376	0.0796779990196228	0.08088399842381477
282	0.552131999284029	0.09113699942827225	0.09081999957561493
292	0.5259069986641407	0.08955500274896622	0.08855300024151802
302	0.552182998508215	0.10041400045156479	0.09951600059866905
312	0.5698849968612194	0.10752199962735176	0.10662199929356575
322	0.47687799856066704	0.10904400050640106	0.10769899934530258
332	0.48836299777030945	0.11476599797606468	0.11386799812316895
342	0.5080290026962757	0.13179000094532967	0.13066799938678741
352	0.5714589990675449	0.1346459984779358	0.13494399935007095
362	0.5387430004775524	0.14517899975180626	0.1446940004825592
372	0.8660270012915134	0.16035699844360352	0.14716199785470963
382	0.5740769989788532	0.15416299924254417	0.15360499918460846
392	0.5907969996333122	0.15465300157666206	0.15441099926829338
402	0.6156629994511604	0.18200300261378288	0.16415099799633026
412	0.6312099993228912	0.1892869994044304	0.1890379972755909
422	0.9734889976680279	0.1844470016658306	0.20228400081396103
432	0.9262859970331192	0.21435099840164185	0.20413199812173843
442	0.6848060004413128	0.21493300050497055	0.20355700328946114
452	0.6975059993565083	0.22507299855351448	0.2100590020418167
462	0.7141960002481937	0.21065299957990646	0.2104559987783432
472	1.084418997168541	0.23186100274324417	0.232744000852108
482	0.8076290003955364	0.24474800005555153	0.26446400210261345
492	0.783746000379324	0.24892299994826317	0.26305199787020683
502	0.7914060018956661	0.2583869993686676	0.5601530000567436
512	0.8312820009887218	0.2781680002808571	0.380111999809742
522	0.8224020004272461	0.26597100123763084	0.3635899983346462
532	0.8507959991693497	0.28299999982118607	0.3801030032336712
542	1.1938830018043518	0.29105499759316444	0.393996000289917
552	0.8782230019569397	0.33333100005984306	0.40595199912786484
562	0.8925830014050007	0.3025059998035431	0.4027539975941181
572	0.9097940027713776	0.33487800136208534	0.4277460016310215
582	0.9516419991850853	0.3357569985091686	0.6715420000255108
592	0.9618560001254082	0.36041900143027306	0.4370590001344681
602	0.9819610007107258	0.3617059998214245	0.4650599993765354
612	0.9822250008583069	0.3759570010006428	1.263255000114441
622	1.787517998367548	0.6329669989645481	0.8025320023298264
632	1.0262010022997856	0.4103600010275841	0.3033070005476475
642	1.0336889997124672	0.4336320012807846	0.3236510008573532
652	1.0463120006024837	0.4447150006890297	0.338213000446558
662	1.4537429995834827	0.4265430010855198	0.33083000034093857
672	1.1406629979610443	0.4574490003287792	0.34547900035977364
682	1.1100529991090298	0.4616530016064644	0.37843700125813484
692	1.5893389992415905	0.4691229984164238	0.521686002612114
702	1.1738060005009174	0.5117009989917278	0.3610749989748001
712	1.181937001645565	0.5169950015842915	0.3744719997048378
722	1.188875999301672	0.5298800021409988	0.38894300162792206
732	1.2080649994313717	0.5063199996948242	0.3870229981839657
742	2.118776999413967	0.5579699985682964	0.4234580025076866
752	1.2593410015106201	0.5723569989204407	0.4158780016005039
762	1.7745780013501644	0.5517840012907982	0.43027500063180923
772	1.2727949991822243	0.6253789998590946	0.4358859993517399
782	1.2978219985961914	0.6250379979610443	0.5117640011012554
792	1.3398379981517792	0.620813999325037	0.4399480000138283
802	1.4303359985351562	0.6725540012121201	0.4557829983532429
812	1.7825809977948666	0.6711779981851578	0.4801499992609024
822	1.3759579993784428	0.6559880003333092	0.4729820005595684
832	2.0997980013489723	0.693996999412775	0.4879149980843067
842	1.4015100002288818	0.7507590018212795	0.6367300003767014
852	1.6165499985218048	0.7431440018117428	0.5156699977815151
862	1.7929509989917278	0.7253080010414124	0.5188720002770424
872	2.2275990024209023	0.7455990016460419	0.5115369968116283
882	1.5487469993531704	0.8060609996318817	0.5567799992859364
892	1.613265998661518	0.7967449985444546	0.563459999859333
902	1.9033909998834133	0.7835390008985996	0.5744449980556965
912	2.370430998504162	0.7833449989557266	0.564095001667738
922	1.5820739977061749	0.8542790003120899	0.5759800001978874
932	1.997333999723196	0.8566199988126755	0.6156229972839355
942	1.6161719970405102	0.8831080012023449	0.6065779998898506
952	2.1702219992876053	1.0586719997227192	0.6124840006232262
962	1.8487720005214214	0.9183030016720295	0.7114920020103455
972	2.0505480021238327	0.8981710001826286	0.6479430012404919
982	1.67127900198102	0.9550819993019104	0.6432510018348694
992	2.220806997269392	0.9881000034511089	0.6626220010221004
1002	1.9670119993388653	1.004985000938177	0.5743879973888397
1012	1.733245000243187	1.0528590008616447	0.5824740007519722
1022	1.741771999746561	1.0167159996926785	1.088748000562191
1032	1.7872299998998642	1.0341239981353283	0.700788002461195
1042	1.795058999210596	1.1028690002858639	0.6235340014100075
1052	1.9438139982521534	1.2125600017607212	0.6507639996707439
1062	2.4195709973573685	1.1265069991350174	0.6328580006957054
1072	1.8551499992609024	1.1648299992084503	0.6329709999263287
1082	1.9930570013821125	1.2186629995703697	0.6504059992730618
1092	2.39699399843812	1.2783940024673939	0.6522759981453419
1102	2.105792999267578	1.177632998675108	0.7632859982550144
1112	1.9115709997713566	1.1733679994940758	0.6713459976017475
1122	2.9165129996836185	1.2455630004405975	0.6687069982290268
1132	1.9457900002598763	1.2271159999072552	0.6632770001888275
1142	1.9733970016241074	1.2502820007503033	0.6919480003416538
1152	2.5307109989225864	1.438306000083685	0.7133360020816326
1162	2.535528998821974	1.3412320017814636	0.8120529986917973
1172	2.030077997595072	1.3852659985423088	0.6984479986131191
1182	2.8241959996521473	1.383636001497507	0.8747659996151924
1192	2.2954190000891685	1.4329500012099743	0.7448480017483234
1202	2.106970001012087	1.4952379986643791	0.7582109980285168
1212	2.768631000071764	1.46824000030756	0.7578660026192665
1222	2.2782970033586025	1.4771439991891384	0.798844002187252
1232	2.154162999242544	1.520075000822544	0.7542750015854836
1242	2.930128999054432	1.522477000951767	0.7817380018532276
1252	2.2538769990205765	1.630706999450922	0.7980629988014698
1262	2.7639899998903275	1.5296279974281788	0.8230429999530315
1272	2.340337999165058	1.4896629974246025	0.8142010010778904
1282	2.26749499887228	1.7380889989435673	0.8099649995565414
1292	2.8714119978249073	1.6678340025246143	0.8282039985060692
1302	2.288911998271942	1.6535219997167587	1.0981279984116554
1312	2.3453259989619255	1.673225000500679	0.8382240012288094
1322	2.3359830006957054	1.7052039988338947	0.8659699968993664
1332	2.782507002353668	1.7992219999432564	0.8919840008020401
1342	3.1112810000777245	1.7994479984045029	0.90650499984622
1352	2.497011002153158	1.8253359980881214	0.8944730013608932
1362	2.4170790016651154	1.8508209995925426	0.9005640000104904
1372	2.464088998734951	1.799150999635458	0.8990460000932217
1382	2.4809640012681484	1.8874590024352074	1.1635679975152016
1392	3.1104939989745617	1.9338780008256435	0.948123998939991
1402	2.5117390006780624	1.8618430010974407	0.937015000730753
1412	3.1335430033504963	1.941881000995636	0.9263810031116009
1422	2.5610119998455048	1.9754850007593632	1.077709998935461
1432	2.617008998990059	2.004179000854492	1.009646002203226
1442	2.5830210000276566	2.101895000785589	0.9921439997851849
1452	2.6013970002532005	2.0639409981667995	1.0725210011005402
1462	3.165054999291897	2.10742199793458	1.076859001070261
1472	3.272569000720978	2.1884110011160374	1.090217001736164
1482	4.307048000395298	2.0798149965703487	1.0222779996693134
1492	2.7527659982442856	2.2721690014004707	1.0227029994130135
1502	2.8234789967536926	2.2783569991588593	1.1093019992113113
1512	3.4182199984788895	2.352871999144554	1.1227650009095669
1522	3.3735729977488518	2.2936840020120144	1.4299129992723465
1532	2.7599190026521683	2.3239979967474937	1.0904160030186176
1542	2.88399999961257	2.346356999129057	1.1000350005924702
1552	2.8324699997901917	2.4454930014908314	1.116092000156641
1562	2.846051000058651	2.3334389999508858	1.1075720004737377
1572	4.171351999044418	2.4261070005595684	1.1458020024001598
1582	2.8626159988343716	2.4454559981822968	1.1307509988546371
1592	3.0393540002405643	2.3959090001881123	1.1546839997172356
1602	2.9293959997594357	2.5242259986698627	1.159060001373291
1612	4.0939509980380535	2.6138770021498203	1.2302400022745132
1622	2.9450850002467632	2.5382610000669956	1.233719002455473
1632	3.4874520003795624	2.6032919995486736	1.2306379973888397
1642	2.9728289991617203	2.672961000353098	1.1631570011377335
1652	3.8919290006160736	2.6594130024313927	1.198268000036478
1662	3.0285369977355003	2.692703999578953	1.2140269987285137
1672	3.1419459991157055	2.8216580003499985	1.4765390008687973
1682	3.091754999011755	2.7215620018541813	1.2400250025093555
1692	4.056862000375986	2.7371530011296272	1.286887999624014
1702	3.1077050007879734	2.9050120003521442	1.3088860027492046
1712	3.2580309994518757	2.9508530013263226	1.4534029997885227
1722	3.159129001200199	2.909737002104521	1.288408000022173
1732	4.035449001938105	3.082235999405384	1.288255002349615
1742	3.348522998392582	2.9140109978616238	1.2865770012140274
1752	3.6037929989397526	3.0661960020661354	1.3482290022075176
1762	3.2389620020985603	2.9704940021038055	1.3561950027942657
1772	4.796927999705076	3.055228002369404	2.6214090026915073
1782	5.193994000554085	5.7988140024244785	1.4054770022630692
1792	3.290802001953125	3.1020769998431206	1.365421999245882
1802	3.7669700011610985	3.2316779978573322	1.4669190011918545
1812	4.34443100169301	3.1816199980676174	1.3911980018019676
1822	3.3766199983656406	3.367153000086546	1.4086499996483326
1832	3.441422000527382	3.2543580010533333	1.767036996781826
1842	3.421213999390602	3.261822998523712	1.4381630010902882
1852	3.519650999456644	3.2840400002896786	1.526978000998497
1862	3.4534639976918697	3.3750110007822514	1.450789999216795
1872	3.6711060032248497	3.7181509993970394	1.4970819987356663
1882	4.433974001556635	3.5599640011787415	1.4787009991705418
1892	3.4860760010778904	3.454711001366377	1.4715990014374256
1902	3.7184210009872913	3.6855419985949993	1.5786130018532276
1912	3.6143569983541965	3.5549460016191006	1.5153919979929924
1922	3.5720059983432293	3.648515000939369	1.569191999733448
1932	3.6382070034742355	3.8829129971563816	1.5514459982514381
1942	3.6022120006382465	3.738032002002001	1.5674940012395382
1952	4.543687000870705	3.853831999003887	1.5983300022780895
1962	3.6434509977698326	3.7338060028851032	1.5897909998893738
1972	3.816898997873068	4.075894001871347	1.620132002979517
1982	3.7896619997918606	3.793325997889042	2.5724730007350445
1992	3.7243499979376793	3.9306510016322136	1.6037500016391277
2002	3.85376900061965	4.228189002722502	1.5472979992628098
2012	3.9053980000317097	3.9304980002343655	1.4888000003993511
2022	6.471969000995159	3.931521002203226	2.1399460025131702
2032	3.9962900020182133	4.354979000985622	1.53184499964118
2042	4.187374003231525	4.195897001773119	1.5566779971122742
2052	4.8577149994671345	4.115304999053478	1.521552000194788
2062	3.8811969980597496	4.359230000525713	1.5159520022571087
2072	4.103409998118877	4.300704997032881	1.5647120028734207
2082	6.344357997179031	4.092188999056816	2.240088999271393
2092	4.010290998965502	5.178215999156237	1.721570000052452
2102	5.189731001853943	4.537308998405933	2.4412939995527267
2112	7.444243997335434	5.34680600091815	3.330734997987747
2122	4.037429999560118	5.3220579996705055	1.5485759973526
2132	4.036138001829386	4.557738002389669	1.6159000024199486
2142	5.114794999361038	4.463165000081062	1.615872997790575
2152	4.027422998100519	4.666819002479315	1.6001980006694794
2162	4.08033500239253	4.566420000046492	2.00416199862957
2172	5.043676998466253	4.678830999881029	1.65319300070405
2182	4.121032997965813	4.836659997701645	1.6333420015871525
2192	4.265722002834082	4.661498997360468	1.6339490003883839
2202	5.565093997865915	4.755545999854803	1.755721002817154
2212	4.194314997643232	4.712676998227835	1.7347170002758503
2222	4.214225001633167	5.153922002762556	1.6786609999835491
2232	5.129624001681805	4.9539690017700195	1.676401000469923
2242	5.050744000822306	4.825876999646425	1.7589609995484352
2252	4.257040999829769	4.871848996728659	1.7990670017898083
2262	4.268366001546383	5.099307999014854	1.7214520014822483
2272	4.420331001281738	5.350772999227047	1.7409290000796318
2282	4.390769001096487	4.9845740012824535	3.540444999933243
2292	4.34808300063014	5.2425239980220795	1.7382939979434013
2302	4.3336669988930225	5.1444269977509975	1.7387450002133846
2312	5.225956000387669	5.333333998918533	1.9681660011410713
2322	5.609705999493599	5.360215999186039	1.9435659982264042
2332	5.3490019999444485	5.437350001186132	2.404236998409033
2342	6.464111000299454	5.2646350003778934	1.8987050019204617
2352	4.565522998571396	5.538969997316599	1.8117169998586178
2362	4.469301998615265	5.560271002352238	1.837372001260519
2372	5.458599999547005	5.773284003138542	2.006384000182152
2382	5.466109000146389	6.033167000859976	1.9848549999296665
2392	5.953958999365568	5.613852001726627	3.0126900002360344
2402	4.978925000876188	6.25773099809885	1.8834210000932217
2412	4.656710997223854	5.732606999576092	1.8916489966213703
2422	4.832081999629736	5.815261997282505	1.8896369971334934
2432	4.6133709996938705	5.687001999467611	1.8575979992747307
2442	5.085804000496864	5.71900499984622	2.021196998655796
2452	5.858317002654076	6.14266699925065	1.92136599868536
2462	4.718302000313997	6.035120997577906	1.9606389999389648
2472	5.119423002004623	6.011218000203371	1.9815210029482841
2482	4.820940997451544	5.9968790002167225	1.9327460005879402
2492	4.778634998947382	6.121367998421192	1.9579410031437874
2502	5.801649998873472	6.255107000470161	2.0822450034320354
2512	4.81318100169301	6.278066001832485	1.9421800002455711
2522	4.898365002125502	6.381000000983477	2.0277210026979446
2532	4.926233999431133	6.739768002182245	2.001561999320984
2542	4.885180000215769	6.33534000068903	2.0271930024027824
2552	6.58271000161767	6.396134000271559	2.0705709978938103
2562	5.035631000995636	6.292789999395609	2.0288760028779507
2572	5.056148000061512	6.416839998215437	2.4239410012960434
2582	4.955485999584198	6.4589979983866215	2.077341999858618
2592	5.171994999051094	6.520999997854233	2.08211699873209
2602	6.080637998878956	6.86141400039196	2.0656049996614456
2612	5.387111000716686	6.434088997542858	2.0489699989557266
2622	5.064307998865843	6.607517998665571	2.1371929980814457
2632	5.381044000387192	6.6436619982123375	2.0961120016872883
2642	5.264446999877691	6.877402998507023	2.1282960027456284
2652	6.579913999885321	6.946980997920036	2.1423500031232834
2662	5.282052002847195	6.700656998902559	2.1678829975426197
2672	5.553105000406504	6.986789997667074	2.16686499863863
2682	5.153204999864101	6.86370499804616	2.163281001150608
2692	5.585417002439499	7.010926000773907	2.1997409984469414
2702	6.411584999412298	6.864866998046637	2.236012000590563
2712	5.350952003151178	7.538855999708176	2.2586300000548363
2722	5.3886590003967285	7.155505999922752	2.2033409997820854
2732	5.2559060007333755	7.345270000398159	2.3510040007531643
2742	6.497672002762556	7.228160999715328	2.23573299869895
2752	5.402114000171423	7.51350300014019	2.331367999315262
2762	5.372062999755144	7.344352997839451	2.681173998862505
2772	5.380949001759291	7.450213000178337	2.3588549979031086
2782	5.740897998213768	7.524188999086618	2.3528550006449223
2792	6.701105002313852	7.586043000221252	2.340214002877474
2802	5.636996999382973	7.925655998289585	2.3128019981086254
2812	5.45491000264883	7.591915998607874	2.3594620004296303
2822	5.580467000603676	7.641318000853062	2.279943000525236
2832	5.5285780020058155	7.755621001124382	3.5790899991989136
2842	5.618688996881247	7.829175997525454	2.383646000176668
2852	5.790277000516653	8.0332089997828	2.614997997879982
2862	5.587655998766422	7.7993509992957115	2.355535000562668
2872	5.947732999920845	8.236454997211695	2.7795749977231026
2882	9.63689300045371	8.05230899900198	3.2288349978625774
2892	6.3542330004274845	8.258013997226954	2.448837999254465
2902	6.132212996482849	8.132327999919653	2.5711850002408028
2912	6.075507998466492	8.229648001492023	2.4844370000064373
2922	7.494506001472473	8.179526999592781	2.460921999067068
2932	5.708999998867512	8.397554997354746	2.517884999513626
2942	5.842921998351812	8.853988997638226	2.4780129976570606
2952	5.906642001122236	8.334936998784542	2.553226999938488
2962	5.765017997473478	8.75517699867487	4.124115001410246
2972	5.789348002523184	8.701611001044512	2.5050499998033047
2982	5.9400859996676445	8.651774998754263	2.571772001683712
2992	6.227031998336315	8.56946700066328	2.703348997980356
3002	6.150153998285532	8.610772002488375	2.522461000829935
3012	6.882465999573469	14.026505999267101	2.7018879987299442
3022	6.041144996881485	8.883700001984835	2.6078099980950356
3032	6.452043000608683	8.784159999340773	2.621184002608061
3042	5.907072998583317	9.15947599709034	2.6244079992175102
3052	7.563807997852564	9.218624997884035	2.6650150008499622
3062	6.05162999778986	10.42000799998641	2.629031002521515
3072	6.052540998905897	8.929903000593185	2.5912079997360706
3082	6.153147000819445	9.288089998066425	2.6818160004913807
3092	10.091738000512123	9.259989999234676	3.873513001948595
3102	6.209075000137091	9.407586000859737	2.742230001837015
3112	6.097683001309633	9.725191000849009	2.7855519987642765
3122	6.621362999081612	9.281516999006271	2.65871400013566
3132	7.549453001469374	9.251315001398325	2.7364929988980293
3142	6.1612569987773895	9.866409998387098	2.747629001736641
3152	6.607626002281904	9.46408100053668	2.748570002615452
3162	6.256936002522707	9.75101999938488	2.7267629988491535
3172	6.475956000387669	9.80383399873972	2.7520250007510185
3182	6.662725999951363	9.807532001286745	2.7691209986805916
3192	6.266297999769449	9.748235002160072	2.79568799957633
3202	6.398538999259472	10.46102300286293	4.20941299945116
3212	6.451687000691891	10.05494800209999	2.7436759993433952
3222	6.383278001099825	10.082761999219656	2.7593189999461174
3232	6.443744000047445	9.912099998444319	2.8399099968373775
3242	8.01622500270605	10.276608001440763	2.823273003101349
3252	6.413035999983549	10.298645000904799	3.284551002085209
3262	6.434372000396252	10.353220999240875	2.893954001367092
3272	6.557597000151873	10.600573997944593	2.917178001254797
3282	8.176420997828245	10.570108998566866	2.9452840015292168
3292	7.049288999289274	14.45873599871993	3.2700619995594025
3302	6.660062000155449	10.424467999488115	2.8741790018975735
3312	6.673731002956629	11.025178000330925	2.9510219991207123
3322	8.570642001926899	10.486857000738382	2.9905860014259815
3332	6.765597000718117	10.840925000607967	3.000144999474287
3342	6.598107997328043	11.366017002612352	3.0281710028648376
3352	7.131402000784874	10.769136000424623	4.399009998887777
3362	6.659887000918388	11.228843998163939	3.369931001216173
3372	7.874547000974417	11.105840001255274	2.974667999893427
3382	8.455685999244452	11.398169003427029	3.0587869994342327
3392	8.241868000477552	11.48700100183487	3.1836640015244484
3402	7.29262999817729	11.689346998929977	3.006581000983715
3412	6.758595999330282	11.116806000471115	3.0528060011565685
3422	6.762338001281023	11.569758001714945	3.2116290032863617
3432	8.181964997202158	11.430561002343893	3.113917998969555
3442	7.27386499941349	11.516635000705719	3.1375380009412766
3452	6.875643000006676	11.612870998680592	3.134742997586727
3462	6.914420999586582	11.751430001109838	4.65149299800396
3472	7.194824002683163	12.27021199837327	3.196095999330282
3482	7.0050069987773895	12.097874000668526	3.089266002178192
3492	7.374122001230717	11.839714001864195	3.1841819994151592
3502	8.480170998722315	11.647378999739885	3.1488509997725487
3512	6.999114997684956	12.454601999372244	3.243009999394417
3522	7.209040999412537	12.42281699925661	3.19064000248909
3532	7.419797003269196	12.042982000857592	3.24575599655509
3542	7.154645998030901	12.203838001936674	3.375346999615431
3552	7.1942739970982075	12.645485997200012	3.205432999879122
3562	7.5378270000219345	12.37950000166893	3.231649998575449
3572	8.540869999676943	12.33118699863553	3.652199000120163
3582	7.649191997945309	12.670700997114182	3.3827759996056557
3592	7.354058999568224	12.455564998090267	3.6248070001602173
3602	7.186351001262665	12.280556999146938	6.000018000602722
3612	9.287602998316288	13.63798500224948	6.006134998053312
3622	7.280729997903109	13.009012002497911	3.3402040004730225
3632	7.29925699904561	13.1463130004704	3.3258119970560074
3642	8.843124996870756	13.31997199729085	3.5025929994881153
3652	7.306051999330521	13.349399998784065	3.488738000392914
3662	7.913170002400875	13.011792000383139	3.410257000476122
3672	9.180665999650955	13.025153998285532	3.5312809981405735
3682	7.366030000150204	13.124369997531176	3.4144390001893044
3692	13.228453997522593	15.957689996808767	4.792085997760296
3702	7.435334000736475	13.300315998494625	3.4146349988877773
3712	7.8049970008432865	13.247324001044035	3.4408150017261505
3722	7.615035999566317	13.664046999067068	3.4831679984927177
3732	7.471597999334335	14.272149000316858	3.601917002350092
3742	9.165028002113104	13.679843999445438	4.37304599955678
3752	8.153668999671936	13.346519000828266	3.550448000431061
3762	9.251632999628782	13.87907399982214	3.8296919986605644
3772	10.351014997810125	14.07592100277543	3.6070160008966923
3782	7.6550390012562275	13.959534000605345	3.818766001611948
3792	9.395112998783588	14.116742998361588	3.668910000473261
3802	7.628085996955633	13.99397499859333	5.417895000427961
3812	7.816392999142408	13.756896998733282	4.001321002840996
3822	7.769747000187635	14.433719001710415	3.633161000907421
3832	7.670229997485876	14.953653000295162	3.7345659993588924
3842	8.996961999684572	21.909074001014233	3.575694002211094
3852	7.84154400229454	14.787011999636889	3.711334001272917
3862	8.011327002197504	14.948666997253895	3.725620999932289
3872	9.480572000145912	14.570808000862598	3.7569350004196167
3882	7.800181001424789	14.509305000305176	3.6988339982926846
3892	8.051049001514912	15.185822997242212	3.730229999870062
3902	9.831957999616861	14.77827100083232	3.766465999186039
3912	8.234618999063969	14.878922000527382	3.998344000428915
3922	8.251770999282598	14.967976000159979	3.7758029997348785
3932	9.731545001268387	14.900106001645327	3.7751640006899834
3942	8.466596998274326	15.107882998883724	3.8091269992291927
3952	8.372607998549938	15.074948001652956	4.0449609979987144
3962	11.693824999034405	14.963449001312256	8.32633600011468
3972	8.14249200001359	14.992312002927065	4.243528999388218
3982	8.191338002681732	15.278585001826286	3.9164259992539883
3992	9.906835999339819	15.711608000099659	3.917423002421856
4002	8.635067999362946	15.333743996918201	3.7586179971694946
4012	8.545623000711203	15.688083998858929	3.6000040024518967
4022	9.793695002794266	15.7318259999156	3.6596609987318516
4032	8.073938000947237	15.943833999335766	3.964812997728586
4042	10.715702999383211	18.41627999767661	4.216446999460459
4052	10.295657001435757	15.855085998773575	3.6104830019176006
4062	8.699234001338482	15.98462799936533	3.5879110023379326
4072	8.626547999680042	16.302784997969866	3.552701998502016
4082	10.497907001525164	16.04237100109458	3.6489359997212887
4092	8.88560999929905	16.485378000885248	3.990352999418974
4102	8.733994998037815	16.299715001136065	3.802802998572588
4112	10.484820999205112	16.336756996810436	3.828276000916958
4122	8.74184600263834	16.26324500143528	3.6546599976718426
4132	8.764664001762867	16.292841002345085	3.6035359986126423
4142	10.842875998467207	16.28643999993801	3.7584800012409687
4152	8.860019002109766	16.722541000694036	3.674279000610113
4162	9.150197997689247	16.760403003543615	3.6890169978141785
4172	10.518697001039982	16.97316600009799	3.7442659996449947
4182	8.622495003044605	17.304221000522375	3.756760999560356
4192	8.520872998982668	17.2251930013299	5.402970001101494
4202	8.49541999772191	17.46850400045514	3.8591089993715286
4212	8.548945002257824	17.378456000238657	3.791661001741886
4222	10.08857600018382	17.41279299929738	3.9352790005505085
4232	8.671891998499632	17.66839900240302	3.7524489983916283
4242	8.592424001544714	17.6467380002141	3.78821500018239
4252	10.213614001870155	17.75128699839115	3.9163750000298023
4262	8.792153999209404	17.30613600090146	3.7700940035283566
4272	8.871738001704216	17.74089800193906	3.8546169996261597
4282	10.703941997140646	18.005991999059916	3.8345579989254475
4292	8.828425001353025	17.987884998321533	3.817385997623205
4302	8.838781997561455	18.051051001995802	3.9255050010979176
4312	8.73021700233221	18.04050999879837	3.822544001042843
4322	9.166152998805046	17.633194997906685	3.877996999770403
4332	10.765123002231121	18.63459600135684	3.9168180003762245
4342	8.93164400011301	18.82369500026107	3.93580200150609
4352	9.162048999220133	18.42254500091076	3.891270998865366
4362	10.816958997398615	18.602122999727726	4.08882400020957
4372	8.990550000220537	18.821786999702454	4.060723997652531
4382	8.962326001375914	19.19022599980235	4.035689000040293
4392	9.112488999962807	19.340810000896454	4.038478996604681
4402	9.160111002624035	18.600940000265837	4.270929001271725
4412	10.67290099710226	19.052015002816916	4.284929998219013
4422	9.458752002567053	19.260304000228643	4.149579003453255
4432	9.433199997991323	19.05571000277996	4.03006199747324
4442	11.003235999494791	19.187885999679565	4.031240999698639
4452	9.316364999860525	19.766345001757145	3.9888559989631176
4462	9.435791000723839	19.0663249976933	4.01426799967885
4472	9.492250002920628	19.455707002431154	3.9544909968972206
4482	9.122154001146555	20.00960199907422	4.076060000807047
4492	10.743958000093699	19.96754899993539	4.12932899966836
4502	9.316695999354124	20.207899000495672	4.123560000211
4512	9.247145999222994	20.04917700216174	4.123773999512196
4522	10.887368999421597	19.375528000295162	4.134499002248049
4532	9.765780001878738	20.211467999964952	4.1294969990849495
4542	9.479327999055386	20.47002600133419	4.147354997694492
4552	9.380550999194384	25.205966997891665	4.217578001320362
4562	9.578614998608828	20.03159799799323	4.156436000019312
4572	11.027288999408484	20.762427002191544	4.222139000892639
4582	9.385037999600172	20.606681000441313	4.2298170030117035
4592	9.519469000399113	21.260676998645067	4.274532001465559
4602	11.259408000856638	20.966390997171402	4.2967600002884865
4612	9.728895999491215	20.198582001030445	4.198417998850346
4622	11.27531099691987	21.13789699971676	4.342689998447895
4632	9.552098002284765	21.31810799986124	4.275807999074459
4642	9.514899998903275	21.209049999713898	4.328413002192974
4652	11.370362997055054	21.77557500079274	4.34230300039053
4662	10.087618000805378	20.53847799822688	4.237925000488758
4672	11.468550998717546	21.367047999054193	4.455776996910572
4682	9.797334998846054	21.36081900075078	4.281132001429796
4692	9.62882899865508	21.703361999243498	4.265829998999834
4702	9.812532000243664	21.96339099854231	4.501901999115944
4712	9.79313600063324	22.166058998554945	4.300884000957012
4722	11.478039000183344	21.505388002842665	4.4892860017716885
4732	9.877792999148369	21.98573300242424	4.373013000935316
4742	10.10877500101924	22.056440997868776	6.16423200070858
4752	9.897957999259233	22.191725999116898	4.526139002293348
4762	9.779619000852108	22.546163000166416	4.354429002851248
4772	12.117257002741098	21.82151299715042	4.337770000100136
4782	9.930821001529694	22.420142997056246	4.4751820005476475
4792	11.52581599727273	22.81123600155115	5.091430999338627
4802	9.91601600125432	22.71467999741435	4.348903000354767
4812	10.246367998421192	22.159951999783516	4.608841001987457
4822	10.156991999596357	22.685141000896692	4.483329001814127
4832	10.060283001512289	23.25425900146365	4.575755998492241
4842	12.443978998810053	22.380456000566483	4.564143002033234
4852	10.23726100102067	23.62661800161004	4.399856999516487
4862	11.706296999007463	23.2340229973197	4.493935998529196
4872	10.621802996844053	23.307930998504162	4.4415809996426105
4882	10.178298000246286	23.76222199946642	4.427005000412464
4892	10.150283001363277	23.725058998912573	4.525806002318859
4902	10.416197001934052	22.863435998558998	4.435432001948357
4912	12.126060999929905	23.833498999476433	5.5855670012533665
4922	10.493726998567581	24.658410001546144	4.503423001617193
4932	12.428553998470306	23.218681000173092	4.500296000391245
4942	10.315650999546051	24.604136999696493	4.493049003183842
4952	10.175311002880335	24.076207000762224	6.319060001522303
4962	10.55391500145197	23.919805999845266	4.872631002217531
4972	10.48615200072527	24.03924199938774	4.655068002641201
4982	12.121587000787258	24.377684999257326	4.6878100000321865
4992	10.784549001604319	24.012595001608133	4.637166000902653
5002	12.041762001812458	24.727199997752905	4.643191002309322
5012	10.40336299687624	25.03497600182891	4.7157140001654625
5022	12.678275000303984	24.06241999939084	4.804566998034716
5032	10.634570997208357	24.807774998247623	4.737197000533342
5042	10.41218999773264	24.73871099948883	4.698146000504494
5052	10.585586998611689	28.92621500045061	4.817273002117872
5062	10.457469999790192	25.337080001831055	4.693038001656532
5072	12.713697001338005	24.382694002240896	4.823189001530409
5082	10.596490997821093	25.30282600224018	4.771065000444651
5092	12.831071998924017	25.6188169978559	4.73573699966073
5102	10.562109000980854	26.210991997271776	4.749644998461008
5112	12.515491001307964	24.983137998729944	4.737850997596979
5122	10.788543999195099	26.410530999302864	4.724941998720169
5132	10.65641900151968	25.777109000831842	6.518412001430988
5142	10.74558899924159	25.577803999185562	5.1625489965081215
5152	10.658911000937223	26.2837059982121	5.9041990004479885
5162	12.634546000510454	27.283424001187086	4.86913999915123
5172	10.72129599750042	26.256501998752356	4.7922019995749
5182	12.565004002302885	26.154736001044512	4.891832999885082
5192	10.771240998059511	26.16574500128627	4.880229998379946
5202	12.677926000207663	26.854003999382257	4.879153002053499
5212	10.932622000575066	26.38399599865079	4.90293899923563
5222	12.765861999243498	26.213681001216173	8.282493997365236
5232	11.492998998612165	28.826830998063087	4.965491998940706
5242	11.158232998102903	26.89494500309229	4.829221002757549
5252	11.417353998869658	27.265425998717546	5.003348998725414
5262	10.98088600113988	26.98377699777484	4.901725001633167
5272	13.132922999560833	27.06682000309229	5.063790999352932
5282	11.040290001779795	27.77481099963188	4.9414350017905235
5292	13.209458000957966	26.99931299686432	5.0093389973044395
5302	10.978563003242016	27.375564001500607	4.972649000585079
5312	13.654752999544144	27.18963100016117	5.000909000635147
5322	11.14044899865985	28.066181998699903	4.946941003203392
5332	13.198983002454042	27.797745000571012	5.027294997125864
5342	11.339058000594378	27.547191999852657	5.043189998716116
5352	13.183094996958971	28.355521999299526	5.122572999447584
5362	11.612144000828266	28.75467599928379	5.1295219995081425
5372	11.200754001736641	28.65199900045991	7.143327001482248
5382	11.219557002186775	28.50400499999523	5.0724739991128445
5392	11.644510999321938	27.581661000847816	6.965551998466253
5402	11.331869002431631	28.908745996654034	5.23089699819684
5412	11.788862999528646	28.78024499863386	5.140648998320103
5422	11.534853000193834	29.67611600086093	5.144377000629902
5432	11.760543998330832	28.22801099717617	5.168340001255274
5442	11.4342650026083	29.224135998636484	5.2622830010950565
5452	11.979653000831604	29.426332000643015	5.238497998565435
5462	11.470433998852968	30.155088998377323	5.239234998822212
5472	11.789779998362064	28.655955001711845	5.204362999647856
5482	11.434988003224134	34.552003998309374	5.349234998226166
5492	11.837217003107071	28.854081001132727	5.344711001962423
5502	20.27352399751544	29.39893800020218	5.4142270013689995
5512	13.060064997524023	31.08483000099659	5.2729310020804405
5522	13.36489000171423	29.49005800113082	5.313891001045704
5532	11.643646001815796	30.158355999737978	5.3089039996266365
5542	20.503633998334408	30.312349002808332	5.3201989978551865
5552	12.073400001972914	30.413146998733282	5.398554999381304
5562	20.03123700246215	30.316022999584675	6.469737000763416
5572	12.090819999575615	30.654589001089334	5.351149000227451
5582	13.995694000273943	30.58058400079608	5.390504002571106
5592	11.789460998028517	30.77030599862337	5.2350259982049465
5602	13.662135001271963	30.566014997661114	5.392588000744581
5612	12.182468000799417	31.28685900196433	5.410911999642849
5622	13.920717999339104	31.077571999281645	5.441223002970219
5632	11.948596999049187	31.361016001552343	5.459637001156807
5642	13.63459999859333	30.896758999675512	5.438448000699282
5652	11.868532001972198	31.733883999288082	5.504473000764847
5662	14.009863000363111	31.367295000702143	5.542320001870394
5672	11.894887998700142	32.302528999745846	5.354260001331568
5682	13.824841000139713	31.859945997595787	5.527054000645876
5692	12.044312000274658	32.21177499741316	5.540860999375582
5702	14.614852000027895	31.97156099975109	5.7295389994978905
5712	11.951944999396801	31.643480997532606	5.427914001047611
5722	14.755867000669241	31.288857001811266	5.651247996836901
5732	11.983206998556852	33.04068099707365	5.589460000395775
5742	12.551660999655724	32.46135900169611	5.679781001061201
5752	12.059053998440504	32.41210000216961	5.6194949969649315
5762	12.308519002050161	33.21704300120473	5.7349909991025925
5772	12.081874001771212	32.49619899690151	7.531770002096891
5782	12.231706999242306	32.58221400156617	5.613494001328945
5792	12.128408998250961	33.11514399945736	7.563060000538826
5802	12.371720001101494	33.14826200157404	5.758386999368668
5812	14.039411999285221	33.42440699785948	5.921084001660347
5822	12.232104998081923	33.613412998616695	5.654314998537302
5832	14.176607001572847	33.76832599937916	5.794610001146793
5842	12.424452997744083	34.11728800088167	5.740843001753092
5852	14.274574000388384	33.11559699848294	5.678203999996185
5862	12.444896999746561	33.280864000320435	5.737813998013735
5872	14.224534999579191	33.28980400040746	5.832345999777317
5882	12.431627001613379	33.94597500190139	5.7173699997365475
5892	14.356782000511885	34.21015299856663	5.790371999144554
5902	12.575869999825954	34.49770300090313	5.816078998148441
5912	14.281658001244068	33.427529998123646	5.724911000579596
5922	12.523566000163555	34.33498200029135	5.850571997463703
5932	14.954612001776695	33.93803399801254	5.836379997432232
5942	12.597332000732422	35.644650001078844	5.885639999061823
5952	14.753438998013735	41.8940249979496	5.925134997814894
5962	12.648726999759674	35.00587200000882	5.8696139976382256
5972	13.015182003378868	35.2820050008595	5.965330000966787
5982	12.57328899949789	35.347275998443365	7.956839002668858
5992	13.701483000069857	35.530517999082804	5.9769570007920265
6002	14.626545000821352	36.962842002511024	5.936957996338606
6012	13.1142139993608	35.47075800225139	6.046385999768972
6022	15.175793997943401	35.79034199938178	6.123755000531673
6032	13.195852998644114	36.05977700278163	6.008981999009848
6042	15.381887000054121	35.36249599978328	5.978730998933315
6052	13.145516999065876	35.492410000413656	6.086511000990868
6062	14.83959300071001	35.51553799957037	5.921722002327442
6072	13.247989997267723	36.384888999164104	6.171152997761965
6082	15.117573998868465	36.177000001072884	6.030563998967409
6092	13.192149002104998	35.79508600011468	6.121926002204418
6102	13.045131001621485	36.0409040004015	6.353290997445583
6112	15.167895998805761	37.88375499844551	6.01893600076437
6122	12.913118001073599	37.04456999897957	6.301302000880241
6132	15.019034996628761	36.44686599820852	6.092966001480818
6142	12.99091200158	36.76679399982095	6.242811001837254
6152	15.268079999834299	36.25653300061822	6.247852001339197
6162	13.196598999202251	36.964624002575874	6.126749999821186
6172	15.166300997138023	36.80596899986267	6.314149998128414
6182	13.19955500215292	37.50789800286293	8.19327700138092
6192	13.187093999236822	37.15367300063372	6.133444000035524
6202	15.055487003177404	37.49046199768782	6.255961999297142
6212	13.313305001705885	37.49914199858904	6.224977001547813
6222	15.467260997742414	37.24726600199938	6.567371997982264
6232	13.24005999788642	38.47619500011206	6.195677999407053
6242	15.253798000514507	37.65676399692893	6.45906800031662
6252	13.376429002732038	38.31734899803996	6.184670001268387
6262	13.424970999360085	40.54133399948478	6.222195997834206
6272	16.176917001605034	37.98406399786472	6.524227999150753
6282	13.352003999054432	39.10207299888134	6.266419000923634
6292	20.065099999308586	40.54222900047898	6.544873997569084
6302	13.420110002160072	39.60841999948025	6.24974299967289
6312	15.499947998672724	38.45781100168824	6.436697997152805
6322	13.567459002137184	38.35952699929476	8.737929999828339
6332	13.594918999820948	39.72774999961257	6.3010669983923435
6342	15.663700997829437	39.57233400270343	6.532028000801802
6352	13.55095000192523	40.178966000676155	6.4228809997439384
6362	15.952408000826836	39.255050998181105	6.432538002729416
6372	13.661724999547005	40.38907600194216	6.447401002049446
6382	16.206728998571634	39.06369199976325	6.5365270003676414
6392	13.585838999599218	39.94725599884987	8.680270001292229
6402	13.656475000083447	41.21372099965811	6.498429998755455
6412	15.70550499856472	40.22292299941182	6.612881001085043
6422	13.738049998879433	40.87908099964261	6.522230003029108
6432	16.246500998735428	41.28404000028968	6.753414001315832
6442	13.86566299945116	40.035633999854326	6.6009979993104935
6452	13.784405998885632	40.33303299918771	6.521044000983238
6462	15.851038999855518	40.962660998106	6.539184000343084
6472	13.835809998214245	41.76606899872422	6.5485859997570515
6482	15.861400000751019	40.98240900039673	6.502133000642061
6492	13.838216003030539	41.85349399968982	6.623027000576258
6502	13.813328001648188	48.861030999571085	6.607147000730038
6512	17.705398000776768	42.21355399861932	11.307946998625994
6522	13.989785999059677	42.07721700146794	6.620826002210379
6532	16.299218997359276	41.75414599850774	6.806069999933243
6542	14.071487002074718	42.31868799775839	6.631950996816158
6552	14.094076000154018	42.70046700164676	6.739282999187708
6562	16.20211999863386	41.83916400000453	6.681685999035835
6572	14.06962699815631	42.69240600243211	6.6544540002942085
6582	16.269923001527786	42.75838600099087	6.680229999125004
6592	14.067117001861334	42.51366100087762	7.015443000942469
6602	14.204475000500679	48.25653900206089	6.707674998790026
6612	16.306964997202158	43.13112900033593	6.81818599998951
6622	14.149308998137712	44.79516699910164	6.788646999746561
6632	16.407050002366304	42.67028699815273	6.79211900010705
6642	14.168670997023582	43.58018000051379	6.85444699972868
6652	14.163057997822762	43.47251100093126	6.890669997781515
6662	16.467533998191357	43.673953998833895	6.939333997666836
6672	14.335650999099016	43.89141299948096	6.745682001113892
6682	16.562942001968622	44.12982700020075	6.967812996357679
6692	14.190076000988483	44.94947699829936	9.956005997955799
6702	14.259642001241446	44.31655799970031	6.857556000351906
6712	16.41797399893403	43.96113799884915	7.001978997141123
6722	14.40803799778223	44.609511997550726	7.419627998024225
6732	16.934837002307177	44.61847499758005	6.967069998383522
6742	16.511946998536587	44.193401999771595	6.996024001389742
6752	14.476404000073671	45.19676600024104	6.869826998561621
6762	16.70110000297427	45.174637999385595	7.007011998444796
6772	14.46042399853468	44.37850300222635	6.855231001973152
6782	14.62830699980259	45.242240000516176	6.957410000264645
6792	16.769847996532917	45.07011400163174	7.030811000615358
6802	14.508124999701977	46.54380299896002	6.9934820011258125
6812	16.737729001790285	46.24677000194788	7.110616002231836
6822	14.665695000439882	45.27402500063181	9.237403001636267
6832	14.715139999985695	47.09477899968624	7.08458299934864
6842	21.039514001458883	46.012005999684334	7.3125059977173805
6852	14.921602997928858	46.74566399678588	7.363188002258539
6862	14.854489997029305	47.0336339995265	7.374287996441126
6872	17.06173400208354	46.1758639998734	7.252987001091242
6882	14.871278997510672	47.283241998404264	7.199635997414589
6892	17.132587000727654	46.88704400137067	7.164087001234293
6902	14.752333998680115	47.017360001802444	9.530276998877525
6912	14.746108997613192	48.657987002283335	7.147619001567364
6922	17.22605399787426	47.06794700026512	7.325116999447346
6932	15.048025000840425	46.8308160007	7.306990999728441
6942	14.966562997549772	47.456737000495195	7.246472001075745
6952	17.30315899848938	46.97317900136113	7.256148997694254
6962	14.950738999992609	48.658250000327826	7.219962999224663
6972	17.1736469976604	46.403496000915766	7.373773001134396
6982	17.12679700180888	49.08151200041175	7.264312997460365
6992	15.026399999856949	48.31114599853754	7.20074300095439
7002	17.27778200060129	51.415465999394655	7.362878996878862
7012	17.3362689986825	48.20752499997616	7.477028001099825
7022	15.070774998515844	49.065850000828505	7.3215720020234585
7032	17.27183899655938	47.832659002393484	7.412078998982906
7042	15.072873998433352	47.997742000967264	9.647683996707201
7052	15.232432998716831	49.36312299966812	7.4131660014390945
7062	17.50704300031066	49.222791001200676	7.355494998395443
7072	15.336054999381304	48.72071300074458	9.763952001929283
7082	15.436588998883963	49.272112000733614	7.391442999243736
7092	17.759807001799345	48.77400100231171	7.822060000151396
7102	15.258056998252869	50.37888899818063	10.640227999538183
7112	15.265562999993563	49.605002000927925	7.428465999662876
7122	22.041455999016762	50.04424099996686	7.443548999726772
7132	15.397812999784946	52.611963000148535	9.769088000059128
7142	15.348198000341654	51.64691100269556	7.476971000432968
7152	18.15234500169754	50.17493500187993	7.485786002129316
7162	15.448610998690128	51.25466899946332	10.818285997956991
7172	15.826753001660109	51.51832199841738	7.598142001777887
7182	17.739344000816345	50.031298998743296	7.494166001677513
7192	15.535255998373032	51.33183800056577	9.920215997844934
7202	15.525022000074387	52.661056999117136	7.587664000689983
7212	17.716779999434948	51.3921609967947	7.693844001740217
7222	15.652187000960112	53.76477900147438	10.058833003044128
7232	15.684825997799635	52.55552100017667	7.631503999233246
7242	17.91534100100398	51.37856899946928	7.804485999047756
7252	15.760198999196291	51.72866899892688	13.79636400192976
7262	15.632293000817299	52.30436599999666	7.701922003179789
7272	17.83593099936843	52.21388600021601	7.8634559996426105
7282	18.066812001168728	53.252412997186184	7.7512740008533
7292	15.703516997396946	53.27940699830651	7.808738999068737
7302	24.68742199987173	52.97799199819565	7.927921999245882
7312	18.240013003349304	52.75931999832392	7.7809419967234135
7322	15.753835000097752	54.57559600099921	7.9975339993834496
7332	25.7418569996953	53.161630000919104	7.902665000408888
7342	18.33551400154829	53.603910997509956	7.874439001083374
7352	15.772987999022007	54.50254400074482	7.768026001751423
7362	18.272622000426054	53.203159000724554	7.941213998943567
7372	18.265089999884367	54.260135002434254	8.3977530002594
7382	15.818282000720501	55.07928800210357	7.8097190000116825
7392	15.992923002690077	53.895504001528025	7.934512998908758
7402	22.009730998426676	53.36837499961257	8.066736999899149
7412	15.894568998366594	55.12075899913907	7.890227999538183
7422	16.04128599911928	61.06579499691725	7.907237000763416
7432	18.51078299805522	54.809829000383615	8.01172200217843
7442	16.006253998726606	54.72222400084138	10.496582999825478
7452	16.169004999101162	55.23250200226903	7.956470001488924
7462	18.59163799881935	55.704010002315044	8.200851000845432
7472	18.466145999729633	54.928723998367786	8.148833997547626
7482	16.097553998231888	55.8001089990139	8.147681001573801
7492	19.21705299988389	56.312118999660015	8.073665998876095
7502	18.433783002197742	55.55445600301027	8.1356219984591
7512	16.241131000220776	56.70524499937892	8.127264000475407
7522	16.282384000718594	58.34792000055313	8.137674000114202
7532	18.593518998473883	55.944423999637365	8.017885003238916
7542	16.98234099894762	57.25501000136137	10.877860002219677
7552	16.37516999989748	57.879969000816345	8.176951996982098
7562	18.5982579998672	56.22470499947667	8.272362999618053
7572	26.78761199861765	66.69593499973416	15.7415030002594
7582	16.781658999621868	63.97315800189972	8.575059000402689
7592	19.102122001349926	62.68523599952459	8.757007997483015
7602	19.48675900325179	64.19376299902797	9.154908999800682
7612	16.71559699997306	63.76417499780655	8.66058100014925
7622	16.80621600151062	63.659517999738455	8.604735001921654
7632	19.366471998393536	63.270326998084784	8.83109200000763
7642	19.184059999883175	64.23092599958181	8.830066002905369
7652	17.028370000422	64.49334899708629	8.798191998153925
7662	19.53610199689865	64.37287399917841	8.792481001466513
7672	19.274012003093958	63.92563300207257	8.7406539991498
7682	16.92466599866748	64.03975999727845	8.81556399911642
7692	16.967767000198364	64.74859499931335	8.854756001383066
7702	19.25093800202012	63.24897199869156	8.900005999952555
7712	21.512694001197815	65.15414600074291	14.552971001714468
7722	17.009406998753548	66.18560300022364	8.740958001464605
7732	19.902720000594854	65.66990600153804	8.967104002833366
7742	19.619614001363516	64.98957400023937	9.07014999911189
7752	17.000277999788523	64.68619400262833	11.553055997937918
7762	17.00986099988222	64.00753200054169	8.947668001055717
7772	19.87203200161457	66.29312700033188	8.999196998775005
7782	19.504953999072313	66.30605700239539	9.06139699742198
7792	17.4015040025115	66.16816500201821	9.069502998143435
7802	17.18921099975705	73.07562900334597	9.00994100049138
7812	19.922334000468254	66.85233500227332	9.17832599952817
7822	19.66586000099778	66.64852999895811	8.995182998478413
7832	17.20974100008607	67.418665997684	8.940339997410774
7842	19.763058997690678	67.53209399804473	9.179725002497435
7852	20.041226997971535	66.15579099953175	9.473949000239372
7862	17.243909999728203	68.11505899950862	13.511351000517607
7872	17.302840001881123	68.82933099940419	9.142700001597404
7882	20.12908599898219	67.30072600021958	9.224599998444319
7892	19.80163500085473	68.88314999639988	9.086099997162819
7902	17.471317000687122	68.59665999934077	9.223135001957417
7912	17.735288001596928	71.53684899955988	9.477256000041962
7922	19.859988000243902	69.17852200195193	9.47316500172019
7932	20.07965699955821	68.23699799925089	9.248324997723103
7942	17.425255998969078	68.89793800190091	9.252504002302885
7952	17.57972700148821	69.25830199941993	9.11455500125885
7962	20.14887499809265	68.92289400100708	9.42009200155735
7972	21.746876001358032	68.15376399829984	14.600281000137329
7982	17.72495200112462	69.77312599867582	9.429310001432896
7992	17.686627998948097	68.6831129975617	9.31717700138688
8002	20.084298998117447	73.93702100217342	9.470286000519991
8012	20.690693002194166	70.2607879973948	9.024323001503944
8022	17.62617800012231	71.5541239976883	8.396729998290539
8032	17.887360997498035	70.40372500196099	8.414301000535488
8042	20.387199997901917	70.43331800028682	8.552429001778364
8052	20.199917003512383	70.45689599961042	8.388312999159098
8062	17.828414998948574	70.78696399927139	11.177173998206854
8072	17.786299001425505	71.3702800013125	8.460982002317905
8082	28.010402001440525	71.72747699916363	8.756653998047113
8092	20.572960998862982	71.12977699935436	8.58644500002265
8102	20.31683200225234	72.58858399838209	8.640340998768806
8112	18.15728199854493	74.7739080004394	8.632199000567198
8122	18.08313399925828	73.87448300048709	8.605148002505302
8132	25.0256320014596	71.73826899752021	8.705187000334263
8142	20.65292799845338	73.54481500014663	8.682438999414444
8152	18.103897999972105	72.48882300034165	12.274321999400854
8162	18.072732001543045	72.93101999908686	8.745523001998663
8172	18.18750699982047	77.37645800039172	8.637406002730131
8182	20.758460000157356	73.23183299973607	8.818344000726938
8192	20.77157599851489	78.225735001266	8.758303001523018
8202	18.51241200044751	74.96652499958873	15.62015299871564
8212	18.177879001945257	74.95858699828386	8.828159999102354
8222	18.30215099826455	74.01696300134063	8.711835000663996
8232	20.84569999948144	74.5857940018177	8.77453700080514
8242	20.832818001508713	73.39738100022078	8.979354999959469
8252	22.230873998254538	74.25596100091934	11.79085299745202
8262	18.504652000963688	75.3303430005908	12.771420996636152
8272	18.30323399975896	78.93182300031185	8.773722000420094
8282	20.936246998608112	76.18676500022411	8.827920001000166
8292	22.162903998047113	74.92428600043058	9.216350000351667
8302	20.878936000168324	74.99011900275946	8.74337499961257
8312	18.554567001760006	74.11200299859047	12.929844997823238
8322	18.63035500049591	78.05910800024867	8.789787001907825
8332	18.520919002592564	76.18513499945402	8.862709000706673
8342	21.289968002587557	75.58499500155449	8.845208000391722
8352	20.988478999584913	76.3750940002501	8.868535999208689
8362	23.101417999714613	76.57364900037646	9.149429999291897
8372	18.723132003098726	77.46715399995446	11.681337997317314
8382	18.670962002128363	76.23044900223613	9.102042000740767
8392	21.777886003255844	78.84239999949932	8.877532999962568
8402	21.088022999465466	77.57427100092173	9.153845999389887
8412	21.214319996535778	77.64016500115395	9.106297999620438
8422	18.5781240016222	78.44662600010633	12.247256003320217
8432	18.605154998600483	78.58864400163293	9.047501999884844
8442	19.021418999880552	78.09930399805307	9.08347899839282
8452	21.56064499914646	77.9367900006473	9.113816000521183
8462	21.50592900067568	84.81587900221348	9.158343002200127
8472	21.495784003287554	79.60752499848604	8.96034000068903
8482	19.11406099796295	80.49983600154519	11.595865998417139
8492	18.800412002950907	79.3749770000577	9.022220000624657
8502	18.879702001810074	78.49633600190282	9.289048999547958
8512	22.017354000359774	79.35742500051856	9.090815000236034
8522	27.21375199779868	79.61950299888849	9.42773099988699
8532	22.08126199990511	80.72908099740744	9.257594000548124
8542	18.948677003383636	80.78510100021958	18.55391700193286
8552	19.19724900275469	81.21714700013399	9.17976700142026
8562	19.047678999602795	80.42492399737239	9.251134000718594
8572	21.702054999768734	84.02685299888253	9.137067999690771
8582	22.142955999821424	80.80519699677825	9.810755997896194
8592	21.63187199831009	80.05326800048351	9.227627001702785
8602	21.689332000911236	82.13037500157952	9.381138000637293
8612	19.044716998934746	82.78879899904132	12.04670199751854
8622	19.23760500177741	81.19469000026584	9.399764999747276
8632	19.275005001574755	82.45992000028491	9.381733000278473
8642	27.38883300125599	80.7222640030086	9.385264001786709
8652	22.28412500023842	82.72744200006127	9.689766000956297
8662	21.89843500033021	83.64688400179148	9.259711999446154
8672	19.281622998416424	81.9891889989376	12.018104001879692
8682	19.177273999899626	83.62996900081635	9.353904999792576
8692	19.305224001407623	84.48583500087261	9.430259000509977
8702	22.424968998879194	83.46424999833107	9.396813001483679
8712	22.014054998755455	82.47701499983668	9.567244999110699
8722	22.329276002943516	83.55882599949837	9.542904999107122
8732	22.06522100046277	82.66968800127506	9.513447999954224
8742	19.464203998446465	83.67884900048375	16.72501900047064
8752	19.446016997098923	83.80755599960685	9.443794000893831
8762	19.461240001022816	85.10283200070262	9.510216001421213
8772	22.642032999545336	84.35716000199318	12.178629998117685
8782	22.268155001103878	84.70859200134873	9.57507699728012
8792	22.378798000514507	84.75624499842525	9.589212998747826
8802	22.23140599951148	84.53739299997687	9.482121001929045
8812	19.59298299998045	85.3076389990747	16.77717199921608
8822	19.646689999848604	86.59956099838018	9.499590002000332
8832	19.670995000749826	86.75165500119328	9.481814999133348
8842	22.769058000296354	87.68648899719119	9.6508200019598
8852	22.57235499843955	86.05505499988794	9.658214997500181
8862	22.5529169999063	85.69825699925423	9.733656000345945
8872	22.44294900074601	84.90701000019908	9.460239000618458
8882	23.854644998908043	88.1995110027492	12.895964000374079
8892	19.80444100126624	87.76693999767303	13.672271996736526
8902	20.170200999826193	89.23361700028181	10.323383998125792
8912	19.908433999866247	88.61847299709916	9.663621000945568
8922	22.731176998466253	87.6049610003829	9.66949599981308
8932	22.81766600161791	87.43895100057125	9.721260998398066
8942	29.782155998051167	87.75328399986029	9.826551999896765
8952	22.709608998149633	90.98028299957514	9.908649999648333
8962	22.677372001111507	89.66534600034356	9.92161700129509
8972	20.192536998540163	88.76053500175476	12.575874000787735
8982	21.301008999347687	90.56300200149417	9.823183998465538
8992	20.05299000069499	90.07419300079346	9.821306999772787
9002	23.042255997657776	89.03841999918222	9.755812000483274
9012	22.761062998324633	88.29452500119805	9.874121002852917
9022	22.93071400001645	89.31033400073647	9.878435999155045
9032	22.769304998219013	90.93517399951816	9.693815000355244
9042	22.76903500035405	90.16929700225592	9.929506998509169
9052	20.044548999518156	90.44435599818826	12.677848998457193
9062	20.726604998111725	93.10841400176287	9.935828000307083
9072	20.350823000073433	90.23328199982643	9.708627998828888
9082	20.321470998227596	91.19845999777317	9.853368997573853
9092	23.268971998244524	91.45281099900603	9.954270001500845
9102	22.995175998657942	90.58078699931502	9.951240997761488
9112	23.116996999830008	91.28706499934196	9.963507998734713
9122	22.92839900031686	92.1399649977684	9.868606001138687
9132	23.115720000118017	91.20184599980712	10.062377002090216
9142	20.32421400025487	95.8119350001216	13.055717002600431
9152	20.773370999842882	91.70570399984717	13.718652002513409
9162	20.58951399847865	99.38376399874687	9.865600999444723
9172	21.14927700161934	93.53554899990559	10.096430998295546
9182	23.744601000100374	93.32552599906921	10.033217001706362
9192	23.54500899836421	92.11093899980187	10.207446999847889
9202	23.45830199867487	93.18847699835896	10.091574002057314
9212	23.28371700271964	93.913046002388	10.280538000166416
9222	23.444919999688864	94.81989299878478	10.186263002455235
9232	23.313620999455452	93.68908499926329	10.083333998918533
9242	24.095386002212763	93.86194599792361	16.344021998345852
9252	20.61700500175357	94.91116899996996	13.131652001291513
9262	20.771432001143694	95.35217100009322	14.091315999627113
9272	20.99091099947691	98.82069300115108	10.258905999362469
9282	20.765664998441935	95.51811200007796	10.276521999388933
9292	21.28327400237322	95.66119400039315	10.190102998167276
9302	20.74474000185728	96.49613900110126	10.212499000132084
9312	20.902879998087883	96.74154299870133	10.177601996809244
9322	23.76230299845338	96.66518899798393	10.29441300034523
9332	23.91116200014949	97.01534800231457	10.28506600111723
9342	23.67577699944377	96.43165099993348	10.246337998658419
9352	23.975751999765635	97.10964499786496	10.331906002014875
9362	23.816157002002	97.74378500133753	10.417573999613523
9372	23.960292000323534	99.28099900111556	10.29288899898529
9382	23.790304999798536	97.10080599784851	10.499786999076605
9392	31.6415689997375	98.79641100019217	10.437551997601986
9402	23.82235400006175	98.2073020003736	10.839063998311758
9412	24.051080998033285	97.83864000067115	10.43401999771595
9422	23.814401999115944	99.73505299910903	10.464455001056194
9432	23.952488999813795	99.14409099891782	10.566950000822544
9442	23.879347998648882	100.27042200043797	10.33075300231576
9452	23.963034998625517	99.23740700259805	10.53803599998355
9462	23.91066199913621	99.1245290003717	10.424809001386166
9472	23.977852001786232	100.76971200108528	10.547769002616405
9482	26.033668000251055	99.80357199907303	13.555430997163057
9492	21.382151998579502	100.79603099822998	13.586415000259876
9502	21.259204998612404	100.73492699861526	14.650996997952461
9512	21.9239050000906	102.74972499907017	14.441590998321772
9522	21.37381299957633	101.48011099919677	13.569046001881361
9532	21.41787200048566	101.52714899927378	13.602347001433372
9542	21.618864998221397	99.79414999857545	10.464974001049995
9552	21.660937998443842	101.22620499879122	10.523420002311468
9562	21.58321500197053	103.46843300014734	10.5280150026083
9572	21.593205999583006	101.54664599895477	11.102130997925997
9582	21.646888002753258	103.39135299995542	11.17476800084114
9592	21.572035998106003	103.23768500238657	10.731784999370575
9602	21.597509000450373	103.31719300150871	10.556908998638391
9612	21.62314400076866	103.46940699964762	10.736377999186516
9622	25.055574998259544	102.04393700137734	10.644722998142242
9632	24.667257998138666	102.38389599695802	10.833661999553442
9642	27.103128999471664	102.940094999969	10.693234998732805
9652	27.799571998417377	103.88626600056887	11.344241999089718
9662	25.201306998729706	103.23523600026965	10.844199001789093
9672	27.00043600052595	103.20955500006676	10.824583001434803
9682	29.262113999575377	104.56506299972534	10.88960199803114
9692	24.820422999560833	102.7111749984324	10.669087998569012
9702	24.982364997267723	105.0428390018642	11.443752001971006
9712	24.712930999696255	105.90453200042248	10.735759001225233
9722	25.565914001315832	105.50883099809289	10.834297001361847
9732	24.697893001139164	105.36058500036597	10.894081998616457
9742	24.929710000753403	111.12002200260758	10.893751002848148
9752	24.828843999654055	105.74772600084543	11.011617999523878
9762	24.99771999940276	106.48998200148344	10.827766001224518
9772	24.66702599823475	106.55085900053382	11.128412000834942
9782	25.037396002560854	106.72536299750209	10.949831001460552
9792	44.79924399778247	106.48383699730039	14.238065000623465
9802	25.49337099865079	137.68358500301838	11.32990399748087
9812	24.77580200135708	107.08401999995112	11.052170000970364
9822	25.08728699758649	107.30688900128007	11.62465900182724
9832	24.83577900007367	106.9059410020709	11.160899996757507
9842	25.207600001245737	106.85026099905372	11.074071999639273
9852	31.214635998010635	110.36188500002027	11.330749001353979
9862	25.283077999949455	108.9598750025034	11.258923001587391
9872	24.9559339992702	108.75661499798298	11.189525999128819
9882	31.344790000468493	108.44821299985051	11.029242999851704
9892	25.350410997867584	110.4755000025034	11.374791000038385
9902	27.095305997878313	108.17297299951315	11.646364003419876
9912	29.437776997685432	109.20235500112176	11.256921000778675
9922	27.679282996803522	109.2166240029037	11.171048998832703
9932	25.28830900043249	109.05384600162506	11.360514998435974
9942	25.68469500169158	110.41612700000405	11.18104499951005
9952	25.28149800002575	110.1537000015378	11.330180000513792
9962	25.70924299955368	109.68848600238562	11.181673999875784
9972	25.33221299946308	110.95458500087261	11.326196998357773
9982	25.639734998345375	110.38162299990654	11.271643999963999
9992	25.402373000979424	112.9893070012331	11.310164999216795
